#Chunk
#SOF
64
#Type
80
#Address
00
10
#Length
03	83
#Payload
00
00
00
00
00
20
00
00
40
00
00
60
00
00
80
00
00
A0
00
00
C0
00
00
E0
00
01
00
00
01
20
00
01
40
00
01
60
00
01
80
00
01
A0
00
01
C0
00
00
01
00
00
21
00
00
41
00
00
61
00
00
81
00
00
A1
00
00
C1
00
00
E1
00
01
01
00
01
21
00
01
41
00
01
61
00
01
81
00
01
A1
00
01
C1
00
00
02
00
00
22
00
00
42
00
00
62
00
00
82
00
00
A2
00
00
C2
00
00
E2
00
01
02
00
01
22
00
01
42
00
01
62
00
01
82
00
01
A2
00
01
C2
00
00
03
00
00
23
00
00
43
00
00
63
00
00
83
00
00
A3
00
00
C3
00
00
E3
00
01
03
00
01
23
00
01
43
00
01
63
00
01
83
00
01
A3
00
01
C3
00
00
04
00
00
24
00
00
44
00
00
64
00
00
84
00
00
A4
00
00
C4
00
00
E4
00
01
04
00
01
24
00
01
44
00
01
64
00
01
84
00
01
A4
00
01
C4
00
00
05
00
00
25
00
00
45
00
00
65
00
00
85
00
00
A5
00
00
C5
00
00
E5
00
01
05
00
01
25
00
01
45
00
01
65
00
01
85
00
01
A5
00
01
C5
00
00
06
00
00
26
00
00
46
00
00
66
00
00
86
00
00
A6
00
00
C6
00
00
E6
00
01
06
00
01
26
00
01
46
00
01
66
00
01
86
00
01
A6
00
01
C6
00
00
07
00
00
27
00
00
47
00
00
67
00
00
87
00
00
A7
00
00
C7
00
00
E7
00
01
07
00
01
27
00
01
47
00
01
67
00
01
87
00
01
A7
00
01
C7
00
00
08
00
00
28
00
00
48
00
00
68
00
00
88
00
00
A8
00
00
C8
00
00
E8
00
01
08
00
01
28
00
01
48
00
01
68
00
01
88
00
01
A8
00
01
C8
00
00
09
00
00
29
00
00
49
00
00
69
00
00
89
00
00
A9
00
00
C9
00
00
E9
00
01
09
00
01
29
00
01
49
00
01
69
00
01
89
00
01
A9
00
01
C9
00
00
0A
00
00
2A
00
00
4A
00
00
6A
00
00
8A
00
00
AA
00
00
CA
00
00
EA
00
01
0A
00
01
2A
00
01
4A
00
01
6A
00
01
8A
00
01
AA
00
01
CA
00
00
0B
00
00
2B
00
00
4B
00
00
6B
00
00
8B
00
00
AB
00
00
CB
00
00
EB
00
01
0B
00
01
2B
00
01
4B
00
01
6B
00
01
8B
00
01
AB
00
01
CB
00
00
0C
00
00
2C
00
00
4C
00
00
6C
00
00
8C
00
00
AC
00
00
CC
00
00
EC
00
01
0C
00
01
2C
00
01
4C
00
01
6C
00
01
8C
00
01
AC
00
01
CC
00
00
0D
00
00
2D
00
00
4D
00
00
6D
00
00
8D
00
00
AD
00
00
CD
00
00
ED
00
01
0D
00
01
2D
00
01
4D
00
01
6D
00
01
8D
00
01
AD
00
01
CD
00
00
0E
00
00
2E
00
00
4E
00
00
6E
00
00
8E
00
00
AE
00
00
CE
00
00
EE
00
01
0E
00
01
2E
00
01
4E
00
01
6E
00
01
8E
00
01
AE
00
01
CE
00
00
0F
00
00
2F
00
00
4F
00
00
6F
00
00
8F
00
00
AF
00
00
CF
00
00
EF
00
01
0F
00
01
2F
00
01
4F
00
01
6F
00
01
8F
00
01
AF
00
01
CF
00
00
10
00
00
30
00
00
50
00
00
70
00
00
90
00
00
B0
00
00
D0
00
00
F0
00
01
10
00
01
30
00
01
50
00
01
70
00
01
90
00
01
B0
00
01
D0
00
00
11
00
00
31
00
00
51
00
00
71
00
00
91
00
00
B1
00
00
D1
00
00
F1
00
01
11
00
01
31
00
01
51
00
01
71
00
01
91
00
01
B1
00
01
D1
00
00
12
00
00
32
00
00
52
00
00
72
00
00
92
00
00
B2
00
00
D2
00
00
F2
00
01
12
00
01
32
00
01
52
00
01
72
00
01
92
00
01
B2
00
01
D2
00
00
13
00
00
33
00
00
53
00
00
73
00
00
93
00
00
B3
00
00
D3
00
00
F3
00
01
13
00
01
33
00
01
53
00
01
73
00
01
93
00
01
B3
00
01
D3
#CRC
44
#EOF
C8
