address=000000000000000000000000
00000000
00000000
00000000
00000000
00000000
00000000
00000000
00000000
00000000
00000000
00000000
00000000
00000000
00000000
00000000
00000000
00000000
00000000
00000000
00000000
00000000
00000000
00000000
00000000
00000000
00000000
00000000
00000000
00000000
00000000
00000000
00000000
address=000000000000000000010000
00000000
00000000
00000000
00000000
00000000
00000000
00000000
00000000
00000000
00000000
00000000
00000000
00000000
00000000
00000000
00000000
00000000
00000000
00000000
00000000
00000000
00000000
00000000
00000000
00000000
00000000
00000000
00000000
00000000
00000000
00000000
00000000
address=000000000000000000100000
00000000
00000000
00000000
00000000
00000000
00000000
00000000
00000000
00000000
00000000
00000000
00000000
00000000
00000000
00000000
00000000
00000000
00000000
00000000
00000000
00000000
00000000
00000000
00000000
00000000
00000000
00000000
00000000
00000000
00000000
00000000
00000000
address=000000000000000000110000
00000000
00000000
00000000
00000000
00000000
00000000
00000000
00000000
00000000
00000000
00000000
00000000
00000000
00000000
00000000
00000000
00000000
00000000
00000000
00000000
00000000
00000000
00000000
00000000
00000000
00000000
00000000
00000000
00000000
00000000
00000000
00000000
address=000000000000000001000000
00000000
00000000
00000000
00000000
00000000
00000000
00000000
00000000
00000000
00000000
00000000
00000000
00000000
00000000
00000000
00000000
00000000
00000000
00000000
00000000
00000000
00000000
00000000
00000000
00000000
00000000
00000000
00000000
00000000
00000000
00000000
00000000
address=000000000000000001010000
00000000
00000000
00000000
00000000
00000000
00000000
00000000
00000000
00000000
00000000
00000000
00000000
00000000
00000000
00000000
00000000
00000000
00000000
00000000
00000000
00000000
00000000
00000000
00000000
00000000
00000000
00000000
00000000
00000000
00000000
00000000
00000000
address=000000000000000001100000
00000000
00000000
00000000
00000000
00000000
00000000
00000000
00000000
00000000
00000000
00000000
00000000
00000000
00000000
00000000
00000000
00000000
00000000
00000000
00000000
00000000
00000000
00000000
00000000
00000000
00000000
00000000
00000000
00000000
00000000
00000000
00000000
address=000000000000000001110000
00000000
00000000
00000000
00000000
00000000
00000000
00000000
00000000
00000000
00000000
00000000
00000000
00000000
00000000
00000000
00000000
00000000
00000000
00000000
00000000
00000000
00000000
00000000
00000000
00000000
00000000
00000000
00000000
00000000
00000000
00000000
00000000
address=000000000000000010000000
00000000
00000000
00000000
00000000
00000000
00000000
00000000
00000000
00000000
00000000
00000000
00000000
00000000
00000000
00000000
00000000
00000000
00000000
00000000
00000000
00000000
00000000
00000000
00000000
00000000
00000000
00000000
00000000
00000000
00000000
00000000
00000000
address=000000000000000010010000
00000000
00000000
00000000
00000000
00000000
00000000
00000000
00000000
00000000
00000000
00000000
00000000
00000000
00000000
00000000
00000000
00000000
00000000
00000000
00000000
00000000
00000000
00000000
00000000
00000000
00000000
00000000
00000000
00000000
00000000
00000000
00000000
address=000000000000000010100000
00000000
00000000
00000000
00000000
00000000
00000000
00000000
00000000
00000000
00000000
00000000
00000000
00000000
00000000
00000000
00000000
00000000
00000000
00000000
00000000
00000000
00000000
00000000
00000000
00000000
00000000
00000000
00000000
00000000
00000000
00000000
00000000
address=000000000000000010110000
00000000
00000000
00000000
00000000
00000000
00000000
00000000
00000000
00000000
00000000
00000000
00000000
00000000
00000000
00000000
00000000
00000000
00000000
00000000
00000000
00000000
00000000
00000000
00000000
00000000
00000000
00000000
00000000
00000000
00000000
00000000
00000000
address=000000000000000011000000
00000000
00000000
00000000
00000000
00000000
00000000
00000000
00000000
00000000
00000000
00000000
00000000
00000000
00000000
00000000
00000000
00000000
00000000
00000000
00000000
00000000
00000000
00000000
00000000
00000000
00000000
00000000
00000000
00000000
00000000
00000000
00000000
address=000000000000000011010000
00000000
00000000
00000000
00000000
00000000
00000000
00000000
00000000
00000000
00000000
00000000
00000000
00000000
00000000
00000000
00000000
00000000
00000000
00000000
00000000
00000000
00000000
00000000
00000000
00000000
00000000
00000000
00000000
00000000
00000000
00000000
00000000
address=000000000000000011100000
00000000
00000000
00000000
00000000
00000000
00000000
00000000
00000000
00000000
00000000
00000000
00000000
00000000
00000000
00000000
00000000
00000000
00000000
00000000
00000000
00000000
00000000
00000000
00000000
00000000
00000000
00000000
00000000
00000000
00000000
00000000
00000000
address=000000000000000011110000
00000000
00000000
00000000
00000000
00000000
00000000
00000000
00000000
00000000
00000000
00000000
00000000
00000000
00000000
00000000
00000000
00000000
00000000
00000000
00000000
00000000
00000000
00000000
00000000
00000000
00000000
00000000
00000000
00000000
00000000
00000000
00000000
address=000000000000000100000000
00000000
00000000
00000000
00000000
00000000
00000000
00000000
00000000
00000000
00000000
00000000
00000000
00000000
00000000
00000000
00000000
00000000
00000000
00000000
00000000
00000000
00000000
00000000
00000000
00000000
00000000
00000000
00000000
00000000
00000000
00000000
00000000
address=000000000000000100010000
00000000
00000000
00000000
00000000
00000000
00000000
00000000
00000000
00000000
00000000
00000000
00000000
00000000
00000000
00000000
00000000
00000000
00000000
00000000
00000000
00000000
00000000
00000000
00000000
00000000
00000000
00000000
00000000
00000000
00000000
00000000
00000000
address=000000000000000100100000
00000000
00000000
00000000
00000000
00000000
00000000
00000000
00000000
00000000
00000000
00000000
00000000
00000000
00000000
00000000
00000000
00000000
00000000
00000000
00000000
00000000
00000000
00000000
00000000
00000000
00000000
00000000
00000000
00000000
00000000
00000000
00000000
address=000000000000000100110000
00000000
00000000
00000000
00000000
00000000
00000000
00000000
00000000
00000000
00000000
00000000
00000000
00000000
00000000
00000000
00000000
00000000
00000000
00000000
00000000
00000000
00000000
00000000
00000000
00000000
00000000
00000000
00000000
00000000
00000000
00000000
00000000
address=000000000000000101000000
00000000
00000000
00000000
00000000
00000000
00000000
00000000
00000000
00000000
00000000
00000000
00000000
00000000
00000000
00000000
00000000
00000000
00000000
00000000
00000000
00000000
00000000
00000000
00000000
00000000
00000000
00000000
00000000
00000000
00000000
00000000
00000000
address=000000000000000101010000
00000000
00000000
00000000
00000000
00000000
00000000
00000000
00000000
00000000
00000000
00000000
00000000
00000000
00000000
00000000
00000000
00000000
00000000
00000000
00000000
00000000
00000000
00000000
00000000
00000000
00000000
00000000
00000000
00000000
00000000
00000000
00000000
address=000000000000000101100000
00000000
00000000
00000000
00000000
00000000
00000000
00000000
00000000
00000000
00000000
00000000
00000000
00000000
00000000
00000000
00000000
00000000
00000000
00000000
00000000
00000000
00000000
00000000
00000000
00000000
00000000
00000000
00000000
00000000
00000000
00000000
00000000
address=000000000000000101110000
00000000
00000000
00000000
00000000
00000000
00000000
00000000
00000000
00000000
00000000
00000000
00000000
00000000
00000000
00000000
00000000
00000000
00000000
00000000
00000000
00000000
00000000
00000000
00000000
00000000
00000000
00000000
00000000
00000000
00000000
00000000
00000000
address=000000000000000110000000
00000000
00000000
00000000
00000000
00000000
00000000
00000000
00000000
00000000
00000000
00000000
00000000
00000000
00000000
00000000
00000000
00000000
00000000
00000000
00000000
00000000
00000000
00000000
00000000
00000000
00000000
00000000
00000000
00000000
00000000
00000000
00000000
address=000000000000000110010000
00000000
00000000
00000000
00000000
00000000
00000000
00000000
00000000
00000000
00000000
00000000
00000000
00000000
00000000
00000000
00000000
00000000
00000000
00000000
00000000
00000000
00000000
00000000
00000000
00000000
00000000
00000000
00000000
00000000
00000000
00000000
00000000
address=000000000000000110100000
00000000
00000000
00000000
00000000
00000000
00000000
00000000
00000000
00000000
00000000
00000000
00000000
00000000
00000000
00000000
00000000
00000000
00000000
00000000
00000000
00000000
00000000
00000000
00000000
00000000
00000000
00000000
00000000
00000000
00000000
00000000
00000000
address=000000000000000110110000
00000000
00000000
00000000
00000000
00000000
00000000
00000000
00000000
00000000
00000000
00000000
00000000
00000000
00000000
00000000
00000000
00000000
00000000
00000000
00000000
00000000
00000000
00000000
00000000
00000000
00000000
00000000
00000000
00000000
00000000
00000000
00000000
address=000000000000000111000000
00000000
00000000
00000000
00000000
00000000
00000000
00000000
00000000
00000000
00000000
00000000
00000000
00000000
00000000
00000000
00000000
00000000
00000000
00000000
00000000
00000000
00000000
00000000
00000000
00000000
00000000
00000000
00000000
00000000
00000000
00000000
00000000
address=000000000000000111010000
00000000
00000000
00000000
00000000
00000000
00000000
00000000
00000000
00000000
00000000
00000000
00000000
00000000
00000000
00000000
00000000
00000000
00000000
00000000
00000000
00000000
00000000
00000000
00000000
00000000
00000000
00000000
00000000
00000000
00000000
00000000
00000000
address=000000000000000111100000
00000000
00000000
00000000
00000000
00000000
00000000
00000000
00000000
00000000
00000000
00000000
00000000
00000000
00000000
00000000
00000000
00000000
00000000
00000000
00000000
00000000
00000000
00000000
00000000
00000000
00000000
00000000
00000000
00000000
00000000
00000000
00000000
address=000000000000000111110000
00000000
00000000
00000000
00000000
00000000
00000000
00000000
00000000
00000000
00000000
00000000
00000000
00000000
00000000
00000000
00000000
00000000
00000000
00000000
00000000
00000000
00000000
00000000
00000000
00000000
00000000
00000000
00000000
00000000
00000000
00000000
00000000
address=000000000000001000000000
11111111
11111111
11111111
11111111
11111111
11111111
11111111
11111111
11111111
11111111
11111111
11111111
11111111
11111111
11111111
11111111
11111111
11111111
11111111
11111111
11111111
11111111
11111111
11111111
11111111
11111111
11111111
11111111
11111111
11111111
11111111
11111111
address=000000000000001000010000
11111111
11111111
11111111
11111111
11111111
11111111
11111111
11111111
11111111
11111111
11111111
11111111
11111111
11111111
11111111
11111111
11111111
11111111
11111111
11111111
11111111
11111111
11111111
11111111
11111111
11111111
11111111
11111111
11111111
11111111
11111111
11111111
address=000000000000001000100000
11111111
11111111
11111111
11111111
11111111
11111111
11111111
11111111
11111111
11111111
11111111
11111111
11111111
11111111
11111111
11111111
11111111
11111111
11111111
11111111
11111111
11111111
11111111
11111111
11111111
11111111
11111111
11111111
11111111
11111111
11111111
11111111
address=000000000000001000110000
11111111
11111111
11111111
11111111
11111111
11111111
11111111
11111111
11111111
11111111
11111111
11111111
11111111
11111111
11111111
11111111
11111111
11111111
11111111
11111111
11111111
11111111
11111111
11111111
11111111
11111111
11111111
11111111
11111111
11111111
11111111
11111111
address=000000000000001001000000
11111111
11111111
11111111
11111111
11111111
11111111
11111111
11111111
11111111
11111111
11111111
11111111
11111111
11111111
11111111
11111111
11111111
11111111
11111111
11111111
11111111
11111111
11111111
11111111
11111111
11111111
11111111
11111111
11111111
11111111
11111111
11111111
address=000000000000001001010000
11111111
11111111
11111111
11111111
11111111
11111111
11111111
11111111
11111111
11111111
11111111
11111111
11111111
11111111
11111111
11111111
11111111
11111111
11111111
11111111
11111111
11111111
11111111
11111111
11111111
11111111
11111111
11111111
11111111
11111111
11111111
11111111
address=000000000000001001100000
11111111
11111111
11111111
11111111
11111111
11111111
11111111
11111111
11111111
11111111
11111111
11111111
11111111
11111111
11111111
11111111
11111111
11111111
11111111
11111111
11111111
11111111
11111111
11111111
11111111
11111111
11111111
11111111
11111111
11111111
11111111
11111111
address=000000000000001001110000
11111111
11111111
11111111
11111111
11111111
11111111
11111111
11111111
11111111
11111111
11111111
11111111
11111111
11111111
11111111
11111111
11111111
11111111
11111111
11111111
11111111
11111111
11111111
11111111
11111111
11111111
11111111
11111111
11111111
11111111
11111111
11111111
address=000000000000001010000000
11111111
11111111
11111111
11111111
11111111
11111111
11111111
11111111
11111111
11111111
11111111
11111111
11111111
11111111
11111111
11111111
11111111
11111111
11111111
11111111
11111111
11111111
11111111
11111111
11111111
11111111
11111111
11111111
11111111
11111111
11111111
11111111
address=000000000000001010010000
11111111
11111111
11111111
11111111
11111111
11111111
11111111
11111111
11111111
11111111
11111111
11111111
11111111
11111111
11111111
11111111
11111111
11111111
11111111
11111111
11111111
11111111
11111111
11111111
11111111
11111111
11111111
11111111
11111111
11111111
11111111
11111111
address=000000000000001010100000
11111111
11111111
11111111
11111111
11111111
11111111
11111111
11111111
11111111
11111111
11111111
11111111
11111111
11111111
11111111
11111111
11111111
11111111
11111111
11111111
11111111
11111111
11111111
11111111
11111111
11111111
11111111
11111111
11111111
11111111
11111111
11111111
address=000000000000001010110000
11111111
11111111
11111111
11111111
11111111
11111111
11111111
11111111
11111111
11111111
11111111
11111111
11111111
11111111
11111111
11111111
11111111
11111111
11111111
11111111
11111111
11111111
11111111
11111111
11111111
11111111
11111111
11111111
11111111
11111111
11111111
11111111
address=000000000000001011000000
11111111
11111111
11111111
11111111
11111111
11111111
11111111
11111111
11111111
11111111
11111111
11111111
11111111
11111111
11111111
11111111
11111111
11111111
11111111
11111111
11111111
11111111
11111111
11111111
11111111
11111111
11111111
11111111
11111111
11111111
11111111
11111111
address=000000000000001011010000
11111111
11111111
11111111
11111111
11111111
11111111
11111111
11111111
11111111
11111111
11111111
11111111
11111111
11111111
11111111
11111111
11111111
11111111
11111111
11111111
11111111
11111111
11111111
11111111
11111111
11111111
11111111
11111111
11111111
11111111
11111111
11111111
address=000000000000001011100000
11111111
11111111
11111111
11111111
11111111
11111111
11111111
11111111
11111111
11111111
11111111
11111111
11111111
11111111
11111111
11111111
11111111
11111111
11111111
11111111
11111111
11111111
11111111
11111111
11111111
11111111
11111111
11111111
11111111
11111111
11111111
11111111
address=000000000000001011110000
11111111
11111111
11111111
11111111
11111111
11111111
11111111
11111111
11111111
11111111
11111111
11111111
11111111
11111111
11111111
11111111
11111111
11111111
11111111
11111111
11111111
11111111
11111111
11111111
11111111
11111111
11111111
11111111
11111111
11111111
11111111
11111111
address=000000000000001100000000
11111111
11111111
11111111
11111111
11111111
11111111
11111111
11111111
11111111
11111111
11111111
11111111
11111111
11111111
11111111
11111111
11111111
11111111
11111111
11111111
11111111
11111111
11111111
11111111
11111111
11111111
11111111
11111111
11111111
11111111
11111111
11111111
address=000000000000001100010000
11111111
11111111
11111111
11111111
11111111
11111111
11111111
11111111
11111111
11111111
11111111
11111111
11111111
11111111
11111111
11111111
11111111
11111111
11111111
11111111
11111111
11111111
11111111
11111111
11111111
11111111
11111111
11111111
11111111
11111111
11111111
11111111
address=000000000000001100100000
11111111
11111111
11111111
11111111
11111111
11111111
11111111
11111111
11111111
11111111
11111111
11111111
11111111
11111111
11111111
11111111
11111111
11111111
11111111
11111111
11111111
11111111
11111111
11111111
11111111
11111111
11111111
11111111
11111111
11111111
11111111
11111111
address=000000000000001100110000
11111111
11111111
11111111
11111111
11111111
11111111
11111111
11111111
11111111
11111111
11111111
11111111
11111111
11111111
11111111
11111111
11111111
11111111
11111111
11111111
11111111
11111111
11111111
11111111
11111111
11111111
11111111
11111111
11111111
11111111
11111111
11111111
address=000000000000001101000000
11111111
11111111
11111111
11111111
11111111
11111111
11111111
11111111
11111111
11111111
11111111
11111111
11111111
11111111
11111111
11111111
11111111
11111111
11111111
11111111
11111111
11111111
11111111
11111111
11111111
11111111
11111111
11111111
11111111
11111111
11111111
11111111
address=000000000000001101010000
11111111
11111111
11111111
11111111
11111111
11111111
11111111
11111111
11111111
11111111
11111111
11111111
11111111
11111111
11111111
11111111
11111111
11111111
11111111
11111111
11111111
11111111
11111111
11111111
11111111
11111111
11111111
11111111
11111111
11111111
11111111
11111111
address=000000000000001101100000
11111111
11111111
11111111
11111111
11111111
11111111
11111111
11111111
11111111
11111111
11111111
11111111
11111111
11111111
11111111
11111111
11111111
11111111
11111111
11111111
11111111
11111111
11111111
11111111
11111111
11111111
11111111
11111111
11111111
11111111
11111111
11111111
address=000000000000001101110000
11111111
11111111
11111111
11111111
11111111
11111111
11111111
11111111
11111111
11111111
11111111
11111111
11111111
11111111
11111111
11111111
11111111
11111111
11111111
11111111
11111111
11111111
11111111
11111111
11111111
11111111
11111111
11111111
11111111
11111111
11111111
11111111
address=000000000000001110000000
11111111
11111111
11111111
11111111
11111111
11111111
11111111
11111111
11111111
11111111
11111111
11111111
11111111
11111111
11111111
11111111
11111111
11111111
11111111
11111111
11111111
11111111
11111111
11111111
11111111
11111111
11111111
11111111
11111111
11111111
11111111
11111111
address=000000000000001110010000
11111111
11111111
11111111
11111111
11111111
11111111
11111111
11111111
11111111
11111111
11111111
11111111
11111111
11111111
11111111
11111111
11111111
11111111
11111111
11111111
11111111
11111111
11111111
11111111
11111111
11111111
11111111
11111111
11111111
11111111
11111111
11111111
address=000000000000001110100000
11111111
11111111
11111111
11111111
11111111
11111111
11111111
11111111
11111111
11111111
11111111
11111111
11111111
11111111
11111111
11111111
11111111
11111111
11111111
11111111
11111111
11111111
11111111
11111111
11111111
11111111
11111111
11111111
11111111
11111111
11111111
11111111
address=000000000000001110110000
11111111
11111111
11111111
11111111
11111111
11111111
11111111
11111111
11111111
11111111
11111111
11111111
11111111
11111111
11111111
11111111
11111111
11111111
11111111
11111111
11111111
11111111
11111111
11111111
11111111
11111111
11111111
11111111
11111111
11111111
11111111
11111111
address=000000000000001111000000
11111111
11111111
11111111
11111111
11111111
11111111
11111111
11111111
11111111
11111111
11111111
11111111
11111111
11111111
11111111
11111111
11111111
11111111
11111111
11111111
11111111
11111111
11111111
11111111
11111111
11111111
11111111
11111111
11111111
11111111
11111111
11111111
address=000000000000001111010000
11111111
11111111
11111111
11111111
11111111
11111111
11111111
11111111
11111111
11111111
11111111
11111111
11111111
11111111
11111111
11111111
11111111
11111111
11111111
11111111
11111111
11111111
11111111
11111111
11111111
11111111
11111111
11111111
11111111
11111111
11111111
11111111
address=000000000000001111100000
11111111
11111111
11111111
11111111
11111111
11111111
11111111
11111111
11111111
11111111
11111111
11111111
11111111
11111111
11111111
11111111
11111111
11111111
11111111
11111111
11111111
11111111
11111111
11111111
11111111
11111111
11111111
11111111
11111111
11111111
11111111
11111111
address=000000000000001111110000
11111111
11111111
11111111
11111111
11111111
11111111
11111111
11111111
11111111
11111111
11111111
11111111
11111111
11111111
11111111
11111111
11111111
11111111
11111111
11111111
11111111
11111111
11111111
11111111
11111111
11111111
11111111
11111111
11111111
11111111
11111111
11111111
address=000000000000010000000000
01100100
01100100
01100100
01100100
01100100
01100100
01100100
01100100
01100100
01100100
01100100
01100100
01100100
01100100
01100100
01100100
01100100
01100100
01100100
01100100
01100100
01100100
01100100
01100100
01100100
01100100
01100100
01100100
01100100
01100100
01100100
01100100
address=000000000000010000010000
01100100
01100100
01100100
01100100
01100100
01100100
01100100
01100100
01100100
01100100
01100100
01100100
01100100
01100100
01100100
01100100
01100100
01100100
01100100
01100100
01100100
01100100
01100100
01100100
01100100
01100100
01100100
01100100
01100100
01100100
01100100
01100100
address=000000000000010000100000
01100100
01100100
01100100
01100100
01100100
01100100
01100100
01100100
01100100
01100100
01100100
01100100
01100100
01100100
01100100
01100100
01100100
01100100
01100100
01100100
01100100
01100100
01100100
01100100
01100100
01100100
01100100
01100100
01100100
01100100
01100100
01100100
address=000000000000010000110000
01100100
01100100
01100100
01100100
01100100
01100100
01100100
01100100
01100100
01100100
01100100
01100100
01100100
01100100
01100100
01100100
01100100
01100100
01100100
01100100
01100100
01100100
01100100
01100100
01100100
01100100
01100100
01100100
01100100
01100100
01100100
01100100
address=000000000000010001000000
01100100
01100100
01100100
01100100
01100100
01100100
01100100
01100100
01100100
01100100
01100100
01100100
01100100
01100100
01100100
01100100
01100100
01100100
01100100
01100100
01100100
01100100
01100100
01100100
01100100
01100100
01100100
01100100
01100100
01100100
01100100
01100100
address=000000000000010001010000
01100100
01100100
01100100
01100100
01100100
01100100
01100100
01100100
01100100
01100100
01100100
01100100
01100100
01100100
01100100
01100100
01100100
01100100
01100100
01100100
01100100
01100100
01100100
01100100
01100100
01100100
01100100
01100100
01100100
01100100
01100100
01100100
address=000000000000010001100000
01100100
01100100
01100100
01100100
01100100
01100100
01100100
01100100
01100100
01100100
01100100
01100100
01100100
01100100
01100100
01100100
01100100
01100100
01100100
01100100
01100100
01100100
01100100
01100100
01100100
01100100
01100100
01100100
01100100
01100100
01100100
01100100
address=000000000000010001110000
01100100
01100100
01100100
01100100
01100100
01100100
01100100
01100100
01100100
01100100
01100100
01100100
01100100
01100100
01100100
01100100
01100100
01100100
01100100
01100100
01100100
01100100
01100100
01100100
01100100
01100100
01100100
01100100
01100100
01100100
01100100
01100100
address=000000000000010010000000
01100100
01100100
01100100
01100100
01100100
01100100
01100100
01100100
01100100
01100100
01100100
01100100
01100100
01100100
01100100
01100100
01100100
01100100
01100100
01100100
01100100
01100100
01100100
01100100
01100100
01100100
01100100
01100100
01100100
01100100
01100100
01100100
address=000000000000010010010000
01100100
01100100
01100100
01100100
01100100
01100100
01100100
01100100
01100100
01100100
01100100
01100100
01100100
01100100
01100100
01100100
01100100
01100100
01100100
01100100
01100100
01100100
01100100
01100100
01100100
01100100
01100100
01100100
01100100
01100100
01100100
01100100
address=000000000000010010100000
01100100
01100100
01100100
01100100
01100100
01100100
01100100
01100100
01100100
01100100
01100100
01100100
01100100
01100100
01100100
01100100
01100100
01100100
01100100
01100100
01100100
01100100
01100100
01100100
01100100
01100100
01100100
01100100
01100100
01100100
01100100
01100100
address=000000000000010010110000
01100100
01100100
01100100
01100100
01100100
01100100
01100100
01100100
01100100
01100100
01100100
01100100
01100100
01100100
01100100
01100100
01100100
01100100
01100100
01100100
01100100
01100100
01100100
01100100
01100100
01100100
01100100
01100100
01100100
01100100
01100100
01100100
address=000000000000010011000000
01100100
01100100
01100100
01100100
01100100
01100100
01100100
01100100
01100100
01100100
01100100
01100100
01100100
01100100
01100100
01100100
01100100
01100100
01100100
01100100
01100100
01100100
01100100
01100100
01100100
01100100
01100100
01100100
01100100
01100100
01100100
01100100
address=000000000000010011010000
01100100
01100100
01100100
01100100
01100100
01100100
01100100
01100100
01100100
01100100
01100100
01100100
01100100
01100100
01100100
01100100
01100100
01100100
01100100
01100100
01100100
01100100
01100100
01100100
01100100
01100100
01100100
01100100
01100100
01100100
01100100
01100100
address=000000000000010011100000
01100100
01100100
01100100
01100100
01100100
01100100
01100100
01100100
01100100
01100100
01100100
01100100
01100100
01100100
01100100
01100100
01100100
01100100
01100100
01100100
01100100
01100100
01100100
01100100
01100100
01100100
01100100
01100100
01100100
01100100
01100100
01100100
address=000000000000010011110000
01100100
01100100
01100100
01100100
01100100
01100100
01100100
01100100
01100100
01100100
01100100
01100100
01100100
01100100
01100100
01100100
01100100
01100100
01100100
01100100
01100100
01100100
01100100
01100100
01100100
01100100
01100100
01100100
01100100
01100100
01100100
01100100
address=000000000000010100000000
01100100
01100100
01100100
01100100
01100100
01100100
01100100
01100100
01100100
01100100
01100100
01100100
01100100
01100100
01100100
01100100
01100100
01100100
01100100
01100100
01100100
01100100
01100100
01100100
01100100
01100100
01100100
01100100
01100100
01100100
01100100
01100100
address=000000000000010100010000
01100100
01100100
01100100
01100100
01100100
01100100
01100100
01100100
01100100
01100100
01100100
01100100
01100100
01100100
01100100
01100100
01100100
01100100
01100100
01100100
01100100
01100100
01100100
01100100
01100100
01100100
01100100
01100100
01100100
01100100
01100100
01100100
address=000000000000010100100000
01100100
01100100
01100100
01100100
01100100
01100100
01100100
01100100
01100100
01100100
01100100
01100100
01100100
01100100
01100100
01100100
01100100
01100100
01100100
01100100
01100100
01100100
01100100
01100100
01100100
01100100
01100100
01100100
01100100
01100100
01100100
01100100
address=000000000000010100110000
01100100
01100100
01100100
01100100
01100100
01100100
01100100
01100100
01100100
01100100
01100100
01100100
01100100
01100100
01100100
01100100
01100100
01100100
01100100
01100100
01100100
01100100
01100100
01100100
01100100
01100100
01100100
01100100
01100100
01100100
01100100
01100100
address=000000000000010101000000
01100100
01100100
01100100
01100100
01100100
01100100
01100100
01100100
01100100
01100100
01100100
01100100
01100100
01100100
01100100
01100100
01100100
01100100
01100100
01100100
01100100
01100100
01100100
01100100
01100100
01100100
01100100
01100100
01100100
01100100
01100100
01100100
address=000000000000010101010000
01100100
01100100
01100100
01100100
01100100
01100100
01100100
01100100
01100100
01100100
01100100
01100100
01100100
01100100
01100100
01100100
01100100
01100100
01100100
01100100
01100100
01100100
01100100
01100100
01100100
01100100
01100100
01100100
01100100
01100100
01100100
01100100
address=000000000000010101100000
01100100
01100100
01100100
01100100
01100100
01100100
01100100
01100100
01100100
01100100
01100100
01100100
01100100
01100100
01100100
01100100
01100100
01100100
01100100
01100100
01100100
01100100
01100100
01100100
01100100
01100100
01100100
01100100
01100100
01100100
01100100
01100100
address=000000000000010101110000
01100100
01100100
01100100
01100100
01100100
01100100
01100100
01100100
01100100
01100100
01100100
01100100
01100100
01100100
01100100
01100100
01100100
01100100
01100100
01100100
01100100
01100100
01100100
01100100
01100100
01100100
01100100
01100100
01100100
01100100
01100100
01100100
address=000000000000010110000000
01100100
01100100
01100100
01100100
01100100
01100100
01100100
01100100
01100100
01100100
01100100
01100100
01100100
01100100
01100100
01100100
01100100
01100100
01100100
01100100
01100100
01100100
01100100
01100100
01100100
01100100
01100100
01100100
01100100
01100100
01100100
01100100
address=000000000000010110010000
01100100
01100100
01100100
01100100
01100100
01100100
01100100
01100100
01100100
01100100
01100100
01100100
01100100
01100100
01100100
01100100
01100100
01100100
01100100
01100100
01100100
01100100
01100100
01100100
01100100
01100100
01100100
01100100
01100100
01100100
01100100
01100100
address=000000000000010110100000
01100100
01100100
01100100
01100100
01100100
01100100
01100100
01100100
01100100
01100100
01100100
01100100
01100100
01100100
01100100
01100100
01100100
01100100
01100100
01100100
01100100
01100100
01100100
01100100
01100100
01100100
01100100
01100100
01100100
01100100
01100100
01100100
address=000000000000010110110000
01100100
01100100
01100100
01100100
01100100
01100100
01100100
01100100
01100100
01100100
01100100
01100100
01100100
01100100
01100100
01100100
01100100
01100100
01100100
01100100
01100100
01100100
01100100
01100100
01100100
01100100
01100100
01100100
01100100
01100100
01100100
01100100
address=000000000000010111000000
01100100
01100100
01100100
01100100
01100100
01100100
01100100
01100100
01100100
01100100
01100100
01100100
01100100
01100100
01100100
01100100
01100100
01100100
01100100
01100100
01100100
01100100
01100100
01100100
01100100
01100100
01100100
01100100
01100100
01100100
01100100
01100100
address=000000000000010111010000
01100100
01100100
01100100
01100100
01100100
01100100
01100100
01100100
01100100
01100100
01100100
01100100
01100100
01100100
01100100
01100100
01100100
01100100
01100100
01100100
01100100
01100100
01100100
01100100
01100100
01100100
01100100
01100100
01100100
01100100
01100100
01100100
address=000000000000010111100000
01100100
01100100
01100100
01100100
01100100
01100100
01100100
01100100
01100100
01100100
01100100
01100100
01100100
01100100
01100100
01100100
01100100
01100100
01100100
01100100
01100100
01100100
01100100
01100100
01100100
01100100
01100100
01100100
01100100
01100100
01100100
01100100
address=000000000000010111110000
01100100
01100100
01100100
01100100
01100100
01100100
01100100
01100100
01100100
01100100
01100100
01100100
01100100
01100100
01100100
01100100
01100100
01100100
01100100
01100100
01100100
01100100
01100100
01100100
01100100
01100100
01100100
01100100
01100100
01100100
01100100
01100100
address=000000000000011000000000
10111110
10111110
10111110
10111110
10111110
10111110
10111110
10111110
10111110
10111110
10111110
10111110
10111110
10111110
10111110
10111110
10111110
10111110
10111110
10111110
10111110
10111110
10111110
10111110
10111110
10111110
10111110
10111110
10111110
10111110
10111110
10111110
address=000000000000011000010000
10111110
10111110
10111110
10111110
10111110
10111110
10111110
10111110
10111110
10111110
10111110
10111110
10111110
10111110
10111110
10111110
10111110
10111110
10111110
10111110
10111110
10111110
10111110
10111110
10111110
10111110
10111110
10111110
10111110
10111110
10111110
10111110
address=000000000000011000100000
10111110
10111110
10111110
10111110
10111110
10111110
10111110
10111110
10111110
10111110
10111110
10111110
10111110
10111110
10111110
10111110
10111110
10111110
10111110
10111110
10111110
10111110
10111110
10111110
10111110
10111110
10111110
10111110
10111110
10111110
10111110
10111110
address=000000000000011000110000
10111110
10111110
10111110
10111110
10111110
10111110
10111110
10111110
10111110
10111110
10111110
10111110
10111110
10111110
10111110
10111110
10111110
10111110
10111110
10111110
10111110
10111110
10111110
10111110
10111110
10111110
10111110
10111110
10111110
10111110
10111110
10111110
address=000000000000011001000000
10111110
10111110
10111110
10111110
10111110
10111110
10111110
10111110
10111110
10111110
10111110
10111110
10111110
10111110
10111110
10111110
10111110
10111110
10111110
10111110
10111110
10111110
10111110
10111110
10111110
10111110
10111110
10111110
10111110
10111110
10111110
10111110
address=000000000000011001010000
10111110
10111110
10111110
10111110
10111110
10111110
10111110
10111110
10111110
10111110
10111110
10111110
10111110
10111110
10111110
10111110
10111110
10111110
10111110
10111110
10111110
10111110
10111110
10111110
10111110
10111110
10111110
10111110
10111110
10111110
10111110
10111110
address=000000000000011001100000
10111110
10111110
10111110
10111110
10111110
10111110
10111110
10111110
10111110
10111110
10111110
10111110
10111110
10111110
10111110
10111110
10111110
10111110
10111110
10111110
10111110
10111110
10111110
10111110
10111110
10111110
10111110
10111110
10111110
10111110
10111110
10111110
address=000000000000011001110000
10111110
10111110
10111110
10111110
10111110
10111110
10111110
10111110
10111110
10111110
10111110
10111110
10111110
10111110
10111110
10111110
10111110
10111110
10111110
10111110
10111110
10111110
10111110
10111110
10111110
10111110
10111110
10111110
10111110
10111110
10111110
10111110
address=000000000000011010000000
10111110
10111110
10111110
10111110
10111110
10111110
10111110
10111110
10111110
10111110
10111110
10111110
10111110
10111110
10111110
10111110
10111110
10111110
10111110
10111110
10111110
10111110
10111110
10111110
10111110
10111110
10111110
10111110
10111110
10111110
10111110
10111110
address=000000000000011010010000
10111110
10111110
10111110
10111110
10111110
10111110
10111110
10111110
10111110
10111110
10111110
10111110
10111110
10111110
10111110
10111110
10111110
10111110
10111110
10111110
10111110
10111110
10111110
10111110
10111110
10111110
10111110
10111110
10111110
10111110
10111110
10111110
address=000000000000011010100000
10111110
10111110
10111110
10111110
10111110
10111110
10111110
10111110
10111110
10111110
10111110
10111110
10111110
10111110
10111110
10111110
10111110
10111110
10111110
10111110
10111110
10111110
10111110
10111110
10111110
10111110
10111110
10111110
10111110
10111110
10111110
10111110
address=000000000000011010110000
10111110
10111110
10111110
10111110
10111110
10111110
10111110
10111110
10111110
10111110
10111110
10111110
10111110
10111110
10111110
10111110
10111110
10111110
10111110
10111110
10111110
10111110
10111110
10111110
10111110
10111110
10111110
10111110
10111110
10111110
10111110
10111110
address=000000000000011011000000
10111110
10111110
10111110
10111110
10111110
10111110
10111110
10111110
10111110
10111110
10111110
10111110
10111110
10111110
10111110
10111110
10111110
10111110
10111110
10111110
10111110
10111110
10111110
10111110
10111110
10111110
10111110
10111110
10111110
10111110
10111110
10111110
address=000000000000011011010000
10111110
10111110
10111110
10111110
10111110
10111110
10111110
10111110
10111110
10111110
10111110
10111110
10111110
10111110
10111110
10111110
10111110
10111110
10111110
10111110
10111110
10111110
10111110
10111110
10111110
10111110
10111110
10111110
10111110
10111110
10111110
10111110
address=000000000000011011100000
10111110
10111110
10111110
10111110
10111110
10111110
10111110
10111110
10111110
10111110
10111110
10111110
10111110
10111110
10111110
10111110
10111110
10111110
10111110
10111110
10111110
10111110
10111110
10111110
10111110
10111110
10111110
10111110
10111110
10111110
10111110
10111110
address=000000000000011011110000
10111110
10111110
10111110
10111110
10111110
10111110
10111110
10111110
10111110
10111110
10111110
10111110
10111110
10111110
10111110
10111110
10111110
10111110
10111110
10111110
10111110
10111110
10111110
10111110
10111110
10111110
10111110
10111110
10111110
10111110
10111110
10111110
address=000000000000011100000000
10111110
10111110
10111110
10111110
10111110
10111110
10111110
10111110
10111110
10111110
10111110
10111110
10111110
10111110
10111110
10111110
10111110
10111110
10111110
10111110
10111110
10111110
10111110
10111110
10111110
10111110
10111110
10111110
10111110
10111110
10111110
10111110
address=000000000000011100010000
10111110
10111110
10111110
10111110
10111110
10111110
10111110
10111110
10111110
10111110
10111110
10111110
10111110
10111110
10111110
10111110
10111110
10111110
10111110
10111110
10111110
10111110
10111110
10111110
10111110
10111110
10111110
10111110
10111110
10111110
10111110
10111110
address=000000000000011100100000
10111110
10111110
10111110
10111110
10111110
10111110
10111110
10111110
10111110
10111110
10111110
10111110
10111110
10111110
10111110
10111110
10111110
10111110
10111110
10111110
10111110
10111110
10111110
10111110
10111110
10111110
10111110
10111110
10111110
10111110
10111110
10111110
address=000000000000011100110000
10111110
10111110
10111110
10111110
10111110
10111110
10111110
10111110
10111110
10111110
10111110
10111110
10111110
10111110
10111110
10111110
10111110
10111110
10111110
10111110
10111110
10111110
10111110
10111110
10111110
10111110
10111110
10111110
10111110
10111110
10111110
10111110
address=000000000000011101000000
10111110
10111110
10111110
10111110
10111110
10111110
10111110
10111110
10111110
10111110
10111110
10111110
10111110
10111110
10111110
10111110
10111110
10111110
10111110
10111110
10111110
10111110
10111110
10111110
10111110
10111110
10111110
10111110
10111110
10111110
10111110
10111110
address=000000000000011101010000
10111110
10111110
10111110
10111110
10111110
10111110
10111110
10111110
10111110
10111110
10111110
10111110
10111110
10111110
10111110
10111110
10111110
10111110
10111110
10111110
10111110
10111110
10111110
10111110
10111110
10111110
10111110
10111110
10111110
10111110
10111110
10111110
address=000000000000011101100000
10111110
10111110
10111110
10111110
10111110
10111110
10111110
10111110
10111110
10111110
10111110
10111110
10111110
10111110
10111110
10111110
10111110
10111110
10111110
10111110
10111110
10111110
10111110
10111110
10111110
10111110
10111110
10111110
10111110
10111110
10111110
10111110
address=000000000000011101110000
10111110
10111110
10111110
10111110
10111110
10111110
10111110
10111110
10111110
10111110
10111110
10111110
10111110
10111110
10111110
10111110
10111110
10111110
10111110
10111110
10111110
10111110
10111110
10111110
10111110
10111110
10111110
10111110
10111110
10111110
10111110
10111110
address=000000000000011110000000
10111110
10111110
10111110
10111110
10111110
10111110
10111110
10111110
10111110
10111110
10111110
10111110
10111110
10111110
10111110
10111110
10111110
10111110
10111110
10111110
10111110
10111110
10111110
10111110
10111110
10111110
10111110
10111110
10111110
10111110
10111110
10111110
address=000000000000011110010000
10111110
10111110
10111110
10111110
10111110
10111110
10111110
10111110
10111110
10111110
10111110
10111110
10111110
10111110
10111110
10111110
10111110
10111110
10111110
10111110
10111110
10111110
10111110
10111110
10111110
10111110
10111110
10111110
10111110
10111110
10111110
10111110
address=000000000000011110100000
10111110
10111110
10111110
10111110
10111110
10111110
10111110
10111110
10111110
10111110
10111110
10111110
10111110
10111110
10111110
10111110
10111110
10111110
10111110
10111110
10111110
10111110
10111110
10111110
10111110
10111110
10111110
10111110
10111110
10111110
10111110
10111110
address=000000000000011110110000
10111110
10111110
10111110
10111110
10111110
10111110
10111110
10111110
10111110
10111110
10111110
10111110
10111110
10111110
10111110
10111110
10111110
10111110
10111110
10111110
10111110
10111110
10111110
10111110
10111110
10111110
10111110
10111110
10111110
10111110
10111110
10111110
address=000000000000011111000000
10111110
10111110
10111110
10111110
10111110
10111110
10111110
10111110
10111110
10111110
10111110
10111110
10111110
10111110
10111110
10111110
10111110
10111110
10111110
10111110
10111110
10111110
10111110
10111110
10111110
10111110
10111110
10111110
10111110
10111110
10111110
10111110
address=000000000000011111010000
10111110
10111110
10111110
10111110
10111110
10111110
10111110
10111110
10111110
10111110
10111110
10111110
10111110
10111110
10111110
10111110
10111110
10111110
10111110
10111110
10111110
10111110
10111110
10111110
10111110
10111110
10111110
10111110
10111110
10111110
10111110
10111110
address=000000000000011111100000
10111110
10111110
10111110
10111110
10111110
10111110
10111110
10111110
10111110
10111110
10111110
10111110
10111110
10111110
10111110
10111110
10111110
10111110
10111110
10111110
10111110
10111110
10111110
10111110
10111110
10111110
10111110
10111110
10111110
10111110
10111110
10111110
address=000000000000011111110000
10111110
10111110
10111110
10111110
10111110
10111110
10111110
10111110
10111110
10111110
10111110
10111110
10111110
10111110
10111110
10111110
10111110
10111110
10111110
10111110
10111110
10111110
10111110
10111110
10111110
10111110
10111110
10111110
10111110
10111110
10111110
10111110
